http://sse.tongji.edu.cn/Notice/1003658

公布：2015年软件学院拟接收调剂复试考生名单

经审核，公布2015年软件学院拟接收调剂复试考生名单如下，不在此名单的考生不予参加复试。


      


准考证号（后六位）
姓名
政治
外国语
数学
业务课
初试总分


104701
王成
58
60
142
127
387


208491
陈国强
57
66
124
135
382


104669
陆曹波
66
69
87
140
362


705809
田玥
53
60
113
130
356


206041
王冬冬
65
48
124
116
353


510618
杨啸
56
60
148
86
350


104653
于露
59
64
92
135
350


107325
谢宇
72
69
132
76
349


804023
符若楠
69
53
106
119
347


707454
龚思宏
57
53
118
117
345


102864
蔡文静
65
49
116
110
340


102863
宿凌
62
50
115
111
338


000729
郭小虎
61
57
110
109
337


208518
谢圆良
68
63
109
97
337


305059
张清
56
61
99
120
336


102832
袁鹏程
64
67
101
104
336


407073
余芳
64
58
136
78
336


411560
姚远
63
57
111
104
335


004048
程晓钢
62
45
114
113
334


104661
秦燚
63
69
109
90
331


909018
范佳敏
62
58
108
101
329


809489
苗蓓蕾
59
63
98
109
329


910706
王远配
63
51
116
99
329


206432
刘阳
66
64
100
99
329


305060
夏兴华
60
60
109
99
328


102879
张翔宇
58
75
82
113
328


102977
胡正扬
55
53
120
100
328


000685
范炜
64
56
92
116
328


510606
庞红军
63
50
75
139
327


108247
钟韵松
55
69
114
87
325


000347
石琨
66
67
89
103
325


804005
刘思琦
60
68
121
76
325


803172
胡锦亮
62
45
122
94
323


311678
阮乐乐
60
57
94
112
323


102830
李国华
66
62
111
84
323


102857
刘元晖
58
58
100
107
323


707451
王站立
66
52
126
77
321


000781
陈佳亮
56
63
93
109
321



